index = 0
integer = 0
real = 1.000000

index = 1
integer = 1
real = 2.000000

index = 2
integer = 2
real = 3.000000

